Date,Platform,Artist/Band,Location,Genre,Link,Status,Notes
2026-02-03,Reddit,Usury,"Pennsylvania, USA",Alt/Hard Rock,https://www.reddit.com/r/IndieMusicFeedback/comments/1hxf2b5/,To Contact,"5.7k listeners, active Reddit/TikTok - TOP PRIORITY"
2026-02-03,Reddit/Instagram,Mantera Anarchist,Malaysia,Post-Grunge,https://www.reddit.com/r/IndieMusicFeedback/comments/1q3nftu/,To Contact,"International angle, active Reddit + IG"
2026-02-03,Reddit,Volubilis,"Montreal, Canada",Tech Death Metal,https://www.reddit.com/r/TechnicalDeathMetal/comments/1izmbh9/,To Contact,"Just starting, ASKED FOR MARKETING HELP"
2026-02-03,Instagram,thistle.,"Northampton, UK",Shoegaze/Grunge,https://open.spotify.com/artist/4dPHAp5JXnj8HkY71hWVj5,To Contact,"7k listeners, 6k+ IG followers"
2026-02-03,Instagram,dead things,"Preston, UK",Post-Punk/Garage,https://thedeadthings.bandcamp.com,To Contact,"Strong press coverage (Louder Than War)"
2026-02-03,Instagram,Void,"Lafayette, Louisiana",Thrash Metal,https://open.spotify.com/artist/1QwNq37mhFd5nCDSAMzyU4,To Contact,"Haunted thrash, 8k listeners, unique concept"
